#Good Cow Voice

---1---

frm_num=172
-24, 66, 46, 65, 51, 64, 53, 63, 56, 64, 57, 59, -170, 112, -62, -7, 19, 108, -33, 30, 27, 159, 25, 23, -188, 87, -41, 22, 7, 84, -46, 43, 33, 149, 46,
69, -165, 81, -61, 0, -3, 52, -66, 42, 51, 131, 63, 76, -162, 116, -49, 3, 22, 30, -55, 17, 31, 156, 58, 90, -231, -16, -138, -41, -22, 20, -83, 7, 45, 178,
129, 117, -187, 40, -32, -44, 10, 88, -23, 86, 76, 103, 78, 78, -226, 47, -65, 0, 35, 48, -46, 62, 55, 156, 56, 66, -326, -37, -111, -32, 31, 21, -51, 44, 49,
217, 142, 136, -178, 44, -76, -4, 7, 90, -18, 40, 57, 170, 75, 56, -207, 64, -53, -19, 52, 55, -33, 53, 55, 170, 50, 42, -155, 40, -95, -20, 23, 76, -27, 30,
51, 168, 82, 50, -155, 38, -79, -52, 30, 70, -17, 40, 43, 155, 58, 42, -157, 29, -103, -52, -2, 61, -38, 82, 30, 96, 66, 56, -133, 12, -119, 13, -4, 64, 0,
64, 55, 102, 55, 42, -171, -17, -90, 0, 17, 39, -31, 71, 47, 176, 70, 44, -171, -6, -84, 9, 27, 23, -37, 83, 50, 158, 66, 61, -167, 5, -102, 18, 20, 103,
7, 54, 67, 137, 78, 45, -146, -16, -81, 32, 30, 90, -47, 35, 49, 139, 66, 33, -120, 50, -82, 34, 33, 55, -28, 51, 42, 135, 47, 33, -108, 14, -118, 16, -58,
49, -48, 48, 48, 124, 60, 11, -94, -10, -95, 0, -46, 61, -34, 58, 75, 135, 47, 0, -113, -17, -96, 1, -9, 71, -56, 67, 87, 139, 55, 9, -126, -24, -131, 8,
-15, 58, -8, 66, 84, 163, 50, 24, -198, -35, -129, 38, 14, 22, -29, 67, 88, 171, 88, 32, -174, -48, -110, 26, -18, 88, -42, 63, 68, 148, 86, 74, -148, -39, -88,
56, 24, 96, -47, 35, 70, 129, 57, 42, -178, -30, -85, 42, 46, 105, -68, 44, 67, 125, 60, 41, -218, -41, -51, 88, 71, 133, -45, 5, 61, 135, 61, 45, -205, -46,
-112, 49, 70, 113, -15, 29, 43, 125, 50, 42, -180, -35, -117, 38, 26, 136, -5, 42, 66, 147, 73, 45, -211, -61, -137, 38, 8, 116, -40, 52, 83, 94, 50, 5, -177,
-35, -108, 31, 10, 110, -1, 47, 60, 120, 61, 44, -155, -53, -128, 24, 40, 158, -12, 58, 36, 110, 51, 36, -157, -64, -140, -10, 23, 157, 2, 67, 57, 90, 97, 23,
-149, -73, -153, -36, 38, 143, -40, 58, 40, 80, 40, 12, -140, -68, -124, -16, 30, 193, -24, 76, 52, 99, 45, 20, -138, -56, -98, -7, 3, 187, -16, 53, 49, 91, 48,
23, -178, -61, -107, 6, 38, 171, -16, 21, 63, 78, 22, 32, -196, -78, -88, 63, 65, 129, -32, 25, 57, 83, 37, 94, -202, -111, -95, 60, 47, 117, -40, 19, 38, 83,
39, 70, -189, -103, -74, 66, 69, 142, -26, 41, 41, 81, 38, 69, -161, -80, -69, 40, 34, 131, -9, 53, 63, 84, 29, 52, -194, -61, -62, 48, 34, 110, -3, 79, 55,
93, 22, 75, -201, -63, -110, 54, 52, 131, 16, 86, 74, 101, 33, 60, -164, -82, -91, 18, 49, 162, 5, 96, 45, 108, 27, 45, -230, -137, -175, -90, -41, 76, -54, 14,
8, 46, -1, 18, -171, -50, -93, -63, 8, 148, -10, 60, 63, 81, 47, 88, -174, -45, -72, -36, 3, 123, -14, 68, 40, 71, 56, 71, -130, -66, -70, 20, 13, 107, -7,
39, 56, 69, 33, 76, -159, -100, -64, 59, 12, 94, -26, 35, 36, 108, 35, 81, -175, -100, -57, 16, -15, 67, -58, -1, 40, 113, 44, 79, -161, -24, 4, 51, -26, 78,
-51, -11, 40, 123, 45, 72, -132, -32, -37, 58, -7, 65, -31, -5, 58, 143, 87, 33, -110, -43, -51, 61, 1, 113, -40, -25, 41, 122, 101, 22, -111, -65, -51, -9, -23,
114, -42, 37, 68, 97, 85, 43, -103, -104, -16, -56, 6, 96, -85, 52, 99, 82, 48, 86, -172, -155, -2, -13, 49, 25, -123, 36, 116, 89, 52, 96, -204, -128, 29, 31,
17, -4, -142, 76, 126, 92, 61, 72, -259, -109, -15, 23, 2, 14, -140, 85, 101, 79, 43, 86, -258, -119, 7, 51, 3, 19, -156, 66, 82, 72, 67, 93, -276, -99, 58,
35, -31, -39, -138, 105, 117, 71, 52, 86, -252, -90, 54, 5, -21, -28, -111, 118, 121, 62, 20, 98, -259, -110, 16, -11, -18, -19, -119, 90, 110, 58, 9, 118, -268, -94,
30, -20, -10, -30, -114, 71, 127, 56, 12, 109, -279, -108, 44, -15, -6, -42, -110, 67, 133, 70, 37, 106, -281, -91, 46, -5, 0, -50, -113, 49, 101, 45, 33, 104, -272,
-113, 34, 0, 3, -46, -101, 49, 109, 61, 51, 115, -259, -99, 49, 11, -3, -52, -67, 58, 107, 71, 42, 122, -278, -95, 62, -2, -7, -68, -75, 59, 111, 65, 51, 109,
-259, -81, 60, -1, 8, -53, -66, 64, 111, 64, 55, 109, -272, -74, 68, -5, -25, -47, -70, 67, 94, 55, 51, 116, -260, -71, 56, 6, -30, -32, -56, 69, 88, 58, 67,
114, -269, -92, 25, -22, -25, -45, -61, 61, 71, 53, 76, 113, -256, -68, 42, -32, 2, -47, -66, 72, 90, 45, 85, 99, -292, -86, 12, -63, -40, -63, -124, 62, 72, 28,
51, 74, -270, -40, 64, -33, -16, -35, -105, 82, 98, 60, 43, 105, -286, -38, 84, -19, -5, -54, -94, 75, 102, 74, 48, 111, -308, -71, 55, -29, -16, -59, -113, 66, 82,
71, 52, 114, -270, -36, 68, 0, 0, -34, -100, 86, 95, 66, 62, 115, -286, -47, 59, -3, -12, -47, -113, 83, 100, 70, 66, 110, -294, -46, 56, -12, 0, -44, -127, 68,
101, 72, 60, 91, -291, -24, 52, -24, 11, -25, -125, 64, 125, 87, 54, 94, -294, -32, 46, -22, 4, -39, -124, 60, 113, 84, 46, 96, -289, -43, 50, -17, 6, -49, -119,
79, 94, 79, 53, 100, -268, -48, 61, -13, 12, -56, -114, 92, 85, 78, 56, 98, -293, -64, 47, -24, 3, -69, -116, 73, 84, 61, 50, 88, -285, -58, 53, -6, -1, -60,
-111, 90, 77, 64, 59, 101, -288, -49, 54, 3, 7, -46, -116, 85, 78, 66, 66, 93, -295, -48, 50, -4, 1, -54, -104, 86, 83, 79, 56, 93, -283, -31, 54, 3, 0,
-41, -113, 93, 92, 70, 46, 79, -309, -37, 38, -7, -5, -48, -126, 78, 114, 71, 47, 73, -315, -24, 30, -9, -15, -51, -121, 66, 119, 59, 31, 72, -322, -8, 32, -6,
-10, -46, -114, 61, 129, 72, 37, 78, -337, -28, 18, -3, -33, -63, -106, 44, 124, 88, 35, 88, -309, -10, 37, 35, -18, -41, -91, 46, 110, 100, 44, 71, -333, -41, 40,
36, -36, -60, -115, 37, 98, 106, 70, 62, -325, -36, 51, 38, -36, -45, -99, 42, 91, 98, 67, 60, -341, -44, 42, 19, -42, -46, -109, 41, 95, 99, 69, 59, -340, -26,
71, 40, -29, -47, -109, 37, 101, 108, 83, 55, -354, -25, 64, 25, -35, -48, -108, 30, 101, 102, 83, 51, -335, -22, 53, 16, -38, -30, -112, 24, 100, 99, 84, 51, -330,
-25, 49, 16, -38, -29, -103, 31, 100, 100, 84, 60, -333, -35, 35, 6, -39, -41, -103, 22, 89, 97, 69, 60, -336, -37, 31, 0, -36, -42, -110, 29, 87, 98, 63, 65,
-322, -15, 37, 20, -21, -36, -91, 39, 101, 108, 68, 72, -304, -12, 39, 27, -14, -33, -83, 39, 105, 114, 71, 70, -301, -15, 49, 20, -1, -35, -73, 44, 110, 117, 71,
89, -301, -5, 45, 14, 11, -27, -70, 50, 110, 102, 58, 88, -314, -16, 37, 4, 10, -40, -93, 47, 109, 84, 59, 80, -330, -25, 29, -8, 8, -38, -108, 40, 100, 66,
58, 83, -327, -37, 21, -13, 5, -28, -116, 44, 103, 69, 66, 90, -305, -21, 29, 4, 14, -23, -100, 54, 114, 63, 63, 90, -324, -30, 19, -8, 16, -34, -113, 39, 108,
52, 57, 83, -312, -21, 19, -9, 20, -29, -96, 56, 116, 57, 50, 90, -321, -35, 8, -9, 16, -30, -105, 51, 118, 67, 61, 97, -304, -39, 11, -6, 12, -26, -104, 51,
112, 58, 54, 89, -295, -36, 11, -7, 14, -21, -96, 61, 107, 62, 53, 93, -293, -37, 22, -2, 19, -22, -98, 65, 110, 67, 55, 95, -291, -28, 31, 9, 28, -18, -98,
61, 107, 64, 49, 89, -306, -29, 18, 1, 17, -23, -99, 54, 108, 60, 52, 94, -330, -34, 14, -2, 18, -36, -105, 40, 100, 60, 53, 90, -317, -22, 26, 15, 23, -21,
-87, 49, 110, 60, 66, 98, -313, -26, 28, 11, 12, -23, -81, 56, 108, 61, 68, 99, -317, -27, 30, 14, 13, -25, -80, 49, 112, 64, 69, 101, -341, -41, 13, -10, 2,
-36, -90, 37, 104, 52, 57, 100, -320, -20, 23, 4, 4, -25, -80, 32, 116, 52, 54, 106, -329, -43, 0, -24, -3, -39, -91, 19, 109, 57, 45, 115, -323, -24, -7, -39,
-3, -31, -96, 22, 88, 65, 34, 114, -303, -14, 8, -50, 11, -12, -81, 22, 85, 91, 49, 122, -303, 14, 11, -63, 6, 15, -70, 6, 76, 100, 66, 116, -290, 30, 18,
-75, -1, 42, -61, 1, 75, 99, 70, 100, -296, 6, 7, -79, -5, 30, -73, 0, 65, 86, 60, 98, -289, 32, 8, -82, 0, 50, -70, 3, 78, 97, 59, 96, -276, 15,
9, -74, -35, 67, -68, 8, 58, 80, 78, 91, -316, 12, 0, -85, -75, 38, -24, -33, 39, 52, 96, 108, -313, 30, 32, -71, -74, 50, -11, -10, 34, 40, 114, 110, -322,
5, 43, -81, -83, 41, -26, 3, 35, 42, 115, 120, -296, -23, 41, -29, -31, 40, -45, 27, 55, 43, 102, 118, -283, -52, 37, -30, -8, 48, -71, 21, 29, 63, 86, 105,
-306, -17, 26, -53, 7, 47, -55, -13, 39, 75, 90, 88, -302, 5, 28, -58, 11, 44, -30, -9, 28, 87, 102, 84, -301, -30, 25, -63, 8, 19, -56, 3, 40, 83, 71,
94, -301, -35, 31, -33, 3, 21, -40, 22, 49, 81, 90, 71, -300, -45, 25, -22, -1, 8, -40, 12, 50, 66, 81, 59, -314, -25, 40, -24, -6, 13, -39, 3, 63, 70,
71, 64, -313, -24, 25, -50, -14, 40, -37, -7, 37, 66, 79, 70, -287, -45, 8, -39, 15, 44, -31, 2, 39, 50, 78, 78, -292, -33, 8, -59, 15, 35, 3, 3, 28,
59, 76, 94, -292, -34, -21, -27, -4, 27, 7, 26, 13, 48, 70, 101, -291, -38, -2, -3, -18, 26, 20, 37, 6, 52, 66, 118, -326, -48, 12, -37, -20, 30, 4, 35,
5, 50, 59, 120, -323, -79, -9, -38, -21, 35, -7, 24, 24, 46, 57, 96, -302, -77, 14, -34, 23, 41, 17, 26, 50, 67, 65, 89, -301, -63, 16, -40, 30, 42, 7,
11, 45, 50, 49, 76, -308, -77, 42, -26, 42, 15, 13, -8, 54, 68, 68, 86, -333, -34, 87, -14, 24, 21, -11, 8, 84, 91, 63, 73, -348, -34, 69, -31, -8, 47,
-14, -13, 94, 68, 81, 76, -342, -24, 51, -27, -21, 68, 11, -32, 88, 60, 83, 92, -350, -7, 18, -45, -12, 62, 10, -27, 69, 54, 68, 85, -322, -21, 8, -24, 2,
67, -12, -8, 80, 56, 53, 82, -296, -34, 11, -5, 9, 57, 0, -23, 69, 53, 53, 90, -318, -68, -17, -47, 6, 45, -26, -26, 55, 51, 54, 96, -281, -97, -10, -20,
28, 30, -23, -28, 74, 45, 45, 90, -285, -77, -28, -39, 77, -1, -27, -18, 85, 41, 55, 67, -257, -96, -13, -29, 81, -5, -37, -15, 85, 47, 63, 62, -265, -101, -3,
-25, 62, 30, -37, -26, 92, 65, 59, 60, -302, -78, -30, -41, 40, 37, -41, -69, 118, 84, 49, 72, -294, -77, -24, -16, 58, 39, -39, -43, 132, 85, 48, 66, -334, -116,
-49, -3, 52, 35, -35, -2, 95, 95, 49, 72, -339, -82, -60, -24, 71, 38, -29, -21, 103, 71, 66, 63, -332, -116, -35, -31, 17, 51, -23, -49, 79, 67, 86, 79, 0,
0, 0, 0, 0, 0, 0, 0, 0, 0, 0, 0, 0, 0, 0, 0, 0, 0, 0, 0, 0, 0, 0, 0, 0, 0, 0, 0, 0, 0, 0, 0, 0, 0, 0, 0,0, 0, 0, 0, 0, 0, 0, 0, 0, 0, 0, 0, 0, 0, 0, 0, 0, 0, 0, 0, 0, 0, 0, 0, 0, 0, 0, 0, 0, 0, 0, 0, 0, 0, 0,
0, 0, 0, 0, 0, 0, 0, 0, 0, 0, 0, 0, 0, 0, 0, 0, 0, 0, 0, 0, 0, 0, 0, 0, 0, 0, 0, 0, 0, 0, 0, 0, 0, 0, 0,
0, 0, 0, 0, 0, 0, 0, 0, 0, 0, 0, 0, 0, 0, 0, 0, 0, 0, 0, 0, 0, 0, 0, 0, 0, 0, 0, 0, 0, 0, 0, 0, 0, 0, 0,
0, 0, 0, 0, 0, 0, 0, 0, 0, 0, 0, 0, 0, 0, 0, 0, 0, 0, 0, 0, 0, 0, 0, 0, 0, 0, 0, 0, 0, 0, 0, 0, 0, 0, 0,
0, 0, 0, 0, 0, 0, 0, 0, 0, 0, 0, 0, 0, 0, 0, 0, 0, 0, 0, 0, 0, 0, 0, 0, 0, 0, 0, 0, 0, 0, 0, 0, 0, 0, 0,
0, 0, 0, 0, 0, 0, 0, 0, 0, 0, 0, 0, 0, 0, 0, 0, 0, 0, 0, 0, 0, 0, 0, 0, 0, 0, 0, 0, 0, 0, 0, 0, 0, 0, 0,
0, 0, 0, 0, 0, 0, 0, 0, 0, 0, 0, 0, 0, 0, 0, 0, 0, 0, 0, 0, 0, 0, 0, 0, 0, 0, 0, 0, 0, 0, 0, 0, 0, 0, 0,
0, 0, 0, 0, 0, 0, 0, 0, 0, 0, 0, 0, 0, 0, 0, 0, 0, 0, 0, 0, 0, 0, 0, 0, 0, 0, 0, 0, 0, 0, 0, 0, 0, 0, 0,
0, 0, 0, 0, 0, 0, 0, 0, 0, 0, 0, 0, 0, 0, 0, 0, 0, 0, 0, 0, 0, 0, 0, 0, 0, 0, 0, 0, 0, 0, 0, 0, 0, 0, 0,
0, 0, 0, 0, 0, 0, 0, 0, 0, 0, 0, 0, 0, 0, 0, 0, 0, 0, 0, 0, 0, 0, 0, 0, 0, 0, 0, 0, 0, 0, 0, 0, 0, 0, 0,
0, 0, 0, 0, 0, 0, 0, 0, 0, 0, 0, 0, 0, 0, 0, 0, 0, 0, 0, 0, 0, 0, 0, 0, 0, 0, 0, 0, 0, 0, 0, 0, 0, 0, 0,
0, 0, 0, 0, 0, 0, 0, 0, 0, 0, 0, 0, 0, 0, 0, 0, 0, 0, 0, 0, 0, 0, 0, 0, 0, 0, 0, 0, 0, 0, 0, 0, 0, 0, 0,
0, 0, 0, 0, 0, 0, 0, 0, 0, 0, 0, 0, 0, 0, 0, 0, 0, 0, 0, 0, 0, 0, 0, 0, 0, 0, 0, 0, 0, 0, 0, 0, 0, 0, 0,
0, 0, 0, 0, 0, 0, 0, 0, 0, 0, 0, 0, 0, 0, 0, 0, 0, 0, 0, 0, 0, 0, 0, 0, 0, 0, 0, 0, 0, 0, 0, 0, 0, 0, 0,
0, 0, 0, 0, 0, 0, 0, 0, 0, 0, 0, 0, 0, 0, 0, 0, 0, 0, 0, 0, 0, 0, 0, 0, 0, 0, 0, 0, 0, 0, 0, 0, 0, 0, 0,
0, 0, 0, 


---2---

frm_num=185
-26, 60, 50, 60, 55, 59, 57, 59, 59, 60, 58, 58, -74, -15, -98, 69, 43, 41, -7, 105, 83, 111, 37, 72, -101, 11, -108, 61, 11, 32, -12, 120, 96, 78, 33,
58, -123, -21, -92, 80, 19, -10, 19, 125, 69, 94, 39, 53, -163, 1, -64, 41, 3, 29, 9, 130, 58, 106, 43, 63, -128, -8, -77, 51, 41, 11, -12, 104, 68, 105,
35, 58, -178, -17, -81, 23, -53, 21, 11, 77, 74, 113, 51, 65, -108, 12, -39, 55, -32, 7, -10, 90, 94, 87, 68, 94, -171, -7, -47, 101, 36, -6, -5, 53, 77,
135, 115, 47, -106, -21, -89, 98, 27, 30, 17, 48, 93, 90, 79, 78, -149, -41, -55, 84, 42, -18, 11, 77, 67, 122, 72, 87, -239, -108, -124, 21, 42, -42, -18, 88,
83, 145, 144, 166, -136, -10, -66, 46, 110, -45, 9, 88, 38, 127, 121, 85, -128, -34, -93, 35, 28, -17, -2, 64, 79, 114, 118, 84, -127, -30, -72, 54, 41, -54, -21,
77, 75, 141, 88, 78, -135, -37, -86, 14, 31, -6, -4, 55, 89, 138, 111, 58, -118, -60, -108, 12, 55, -33, -32, 58, 57, 99, 92, 50, -100, -66, -126, 12, -12, -25,
-14, 116, 49, 67, 88, 51, -120, -63, -105, 21, -5, -11, 39, 127, 75, 63, 63, 43, -91, -86, -122, 60, 0, -17, 48, 133, 89, 103, 97, 73, -79, -68, -93, 67, 35,
-24, 34, 139, 92, 121, 76, 70, -128, -121, -93, 35, 36, 36, 54, 81, 75, 109, 100, 67, -121, -94, -84, 75, 32, 25, 2, 71, 70, 117, 87, 39, -83, -45, -108, 43,
48, -9, -15, 92, 75, 77, 87, 40, -55, -78, -143, 37, 0, -12, -17, 99, 81, 104, 90, 22, -28, -80, -140, 50, -14, -31, 6, 89, 79, 115, 93, 5, -40, -88, -89,
70, -26, -22, -2, 113, 124, 122, 72, 6, -62, -88, -109, 62, -3, 9, 37, 104, 83, 124, 85, 5, -78, -104, -115, 92, 31, 8, 28, 111, 123, 138, 119, 17, -54, -93,
-112, 83, 6, 33, 30, 120, 120, 129, 91, 60, -102, -126, -103, 89, 18, 32, 18, 83, 103, 90, 59, 44, -103, -97, -103, 64, 44, 46, -29, 102, 87, 75, 87, 25, -123,
-98, -70, 137, 52, 63, 18, 92, 102, 35, 40, 17, -174, -122, -109, 89, 50, 56, 36, 114, 105, 70, 92, 42, -128, -120, -113, 33, 19, 45, 53, 107, 77, 83, 88, 53,
-205, -216, -206, 44, -19, 35, 30, 137, 112, 86, 125, 77, -135, -193, -127, 68, 6, 54, 14, 68, 58, 78, 65, 30, -141, -168, -116, 96, 53, 75, 24, 68, 69, 118, 123,
40, -167, -153, -127, 47, 14, 59, 11, 108, 112, 80, 132, 49, -99, -192, -139, 56, 54, 90, -2, 103, 71, 49, 111, 12, -91, -218, -97, 68, 28, 110, 11, 116, 72, 41,
97, 13, -93, -205, -91, 52, 18, 123, 22, 120, 58, 43, 69, 23, -115, -201, -120, 49, 31, 113, 12, 66, 76, 38, 77, 61, -136, -209, -122, 98, 85, 127, 13, 78, 80,
30, 67, 79, -139, -220, -135, 46, 57, 79, -20, 59, 66, 59, 62, 74, -121, -241, -109, 71, 108, 89, 12, 77, 56, 40, 50, 65, -132, -243, -149, 32, 61, 79, 14, 70,
79, 63, 43, 87, -147, -203, -114, 52, 77, 65, 21, 115, 68, 49, 22, 59, -184, -214, -135, 43, 54, 41, 31, 155, 83, 33, 30, 64, -87, -195, -100, 35, 51, 66, 37,
134, 52, 74, 7, 60, -108, -195, -101, 1, 37, 100, 48, 126, 65, 52, 55, 68, -84, -135, -83, -16, -19, 91, 72, 116, 80, 13, 48, 84, -116, -101, -65, 0, -19, 109,
97, 137, 77, 19, 48, 77, -112, -194, -108, 27, 15, 44, 55, 114, 70, 50, 25, 108, -84, -186, -82, 88, 45, 60, 24, 91, 68, 90, 12, 108, -176, -256, -112, 18, 0,
29, -58, 95, 100, 103, 93, 154, -118, -126, -4, 71, 19, 6, -12, 81, 55, 78, 66, 137, -66, -110, -75, 70, -3, 25, -16, 38, 75, 87, 115, 72, -57, -124, -89, 82,
37, 21, -11, 51, 53, 87, 119, 39, -44, -181, -95, 8, -13, 21, -41, 93, 89, 56, 68, 48, -21, -238, -70, -36, 8, 22, -60, 96, 125, 18, 61, 89, -65, -258, -16,
40, 71, -9, -71, 84, 111, 50, 82, 112, -117, -244, -13, 60, 11, -20, -68, 99, 121, 36, 86, 93, -156, -196, 3, 83, -2, -6, -75, 129, 108, 29, 65, 79, -189, -197,
22, 89, -12, -9, -90, 112, 98, 45, 88, 108, -204, -189, 27, 73, -2, -35, -84, 98, 127, 64, 83, 107, -212, -174, 53, 39, -13, -81, -71, 125, 136, 51, 39, 118, -203,
-175, 30, 31, 0, -58, -78, 107, 142, 56, 31, 114, -212, -175, 41, 30, -13, -78, -68, 85, 151, 43, 50, 115, -214, -202, 49, 23, -20, -89, -28, 81, 124, 16, 73, 121,
-218, -192, 61, 66, -1, -89, -33, 77, 118, 21, 102, 112, -209, -213, 75, 31, 9, -109, -46, 70, 141, 14, 108, 123, -221, -201, 48, 38, -2, -103, -67, 94, 109, 26, 84,
138, -217, -185, 56, 51, -3, -116, -29, 102, 114, 26, 84, 116, -235, -209, 45, 27, -15, -135, -32, 93, 106, 24, 84, 107, -214, -182, 90, 40, -21, -112, -22, 119, 119, 16,
86, 101, -212, -184, 82, 39, -34, -97, -43, 115, 118, 9, 95, 88, -226, -204, 54, 20, -36, -101, -59, 87, 113, 14, 104, 90, -245, -171, 67, 18, -38, -121, -45, 95, 106,
16, 77, 94, -241, -145, 76, 14, -29, -111, -46, 104, 106, 28, 73, 87, -237, -157, 66, 18, -23, -116, -51, 98, 109, 36, 54, 110, -227, -163, 61, 24, -29, -116, -35, 88,
117, 21, 44, 127, -249, -170, 63, 26, -24, -117, -48, 90, 123, 33, 58, 117, -266, -166, 39, 6, -40, -109, -45, 80, 105, 23, 66, 103, -253, -149, 40, 37, -25, -101, -35,
77, 96, 28, 78, 98, -273, -167, 12, 29, -41, -106, -44, 68, 96, 35, 68, 89, -248, -140, 41, 37, -25, -97, -27, 78, 99, 42, 67, 82, -260, -161, 22, 30, -40, -97,
-30, 72, 87, 38, 77, 103, -235, -152, 38, 49, -28, -92, -23, 83, 88, 44, 89, 105, -235, -167, 28, 22, -30, -99, -39, 85, 72, 49, 75, 104, -231, -165, 32, 25, -19,
-100, -34, 82, 90, 50, 68, 105, -236, -181, 33, 15, -22, -99, -38, 87, 72, 51, 69, 109, -253, -182, 18, 7, -18, -103, -41, 89, 82, 53, 79, 115, -257, -153, 30, 17,
-1, -91, -22, 78, 98, 64, 82, 116, -244, -145, 40, 34, 2, -85, -23, 87, 102, 60, 80, 105, -240, -141, 28, 40, -8, -80, -14, 84, 110, 61, 92, 87, -245, -148, 7,
39, -29, -70, -26, 88, 116, 48, 93, 78, -247, -136, 5, 46, -29, -75, -9, 74, 100, 48, 82, 75, -242, -130, 9, 39, -18, -89, 3, 65, 103, 47, 71, 76, -270, -126,
10, 21, -24, -83, -6, 65, 108, 38, 64, 77, -266, -130, 10, 16, -25, -82, -17, 63, 109, 34, 44, 75, -272, -143, -4, 9, -37, -74, -23, 67, 109, 34, 46, 92, -258,
-126, 14, 28, -22, -56, -12, 70, 108, 44, 55, 88, -286, -144, -3, 11, -45, -72, -37, 56, 105, 36, 51, 73, -263, -133, 1, 34, -20, -53, -34, 75, 118, 36, 52, 63,
-273, -138, -7, 17, -23, -75, -38, 63, 111, 39, 45, 62, -272, -135, 0, 17, -24, -84, -27, 71, 108, 41, 50, 65, -269, -140, 3, 19, -26, -92, -4, 76, 110, 46, 51,
76, -255, -126, 30, 36, -20, -77, 1, 79, 113, 46, 55, 76, -253, -120, 22, 45, -17, -74, 5, 79, 120, 50, 61, 74, -261, -136, 6, 41, -25, -78, 10, 67, 120, 48,
70, 80, -281, -143, -11, 30, -42, -99, -1, 50, 99, 34, 58, 68, -288, -140, -6, 34, -47, -91, -5, 58, 94, 31, 57, 65, -298, -147, -22, 40, -58, -92, -6, 53, 91,
29, 66, 68, -308, -157, -21, 22, -55, -96, -16, 48, 81, 26, 69, 76, -281, -159, 2, 9, -18, -89, -24, 50, 84, 40, 59, 84, -282, -137, 5, 25, -6, -92, -14, 70,
106, 55, 69, 102, -267, -90, 16, 48, 16, -70, -13, 74, 110, 44, 70, 103, -283, -111, -19, 16, 0, -80, -24, 67, 114, 42, 80, 114, -254, -92, 6, 30, 22, -63, -22,
70, 116, 34, 81, 93, -262, -136, -8, 18, 0, -74, -36, 59, 116, 41, 83, 94, -276, -142, -19, 2, -6, -85, -49, 41, 109, 32, 76, 83, -262, -123, -2, 22, 4, -70,
-39, 48, 109, 39, 69, 90, -276, -120, -9, 15, 4, -64, -43, 41, 118, 48, 69, 100, -280, -119, 0, 10, 5, -69, -46, 39, 113, 44, 76, 97, -287, -114, 3, 16, 12,
-74, -49, 33, 109, 42, 68, 101, -306, -112, -6, 1, 7, -64, -56, 29, 107, 45, 73, 98, -293, -95, 1, 19, 10, -59, -55, 37, 119, 45, 67, 105, -328, -116, -27, 5,
-7, -72, -83, 26, 116, 21, 58, 106, -286, -85, 0, 26, 10, -43, -60, 54, 132, 25, 71, 114, -310, -122, -13, -12, -2, -74, -69, 40, 113, 16, 75, 111, -280, -116, 2,
-3, 21, -80, -45, 51, 121, 26, 69, 116, -287, -123, -5, -15, 2, -92, -46, 60, 82, 41, 58, 118, -307, -128, -14, -37, -32, -88, -45, 76, 49, 35, 87, 105, -267, -96,
13, -25, -25, -56, -18, 74, 56, 32, 95, 90, -282, -90, -17, -32, -50, -59, -15, 46, 56, 29, 78, 108, -261, -75, -29, -23, -57, -50, -6, 36, 68, 14, 77, 111, -262,
-75, -20, -16, -65, -22, -20, 74, 65, 15, 99, 125, -257, -92, -14, -1, -89, -10, -13, 67, 59, 15, 102, 145, -274, -105, 5, -37, -57, -18, 0, 41, 54, 25, 109, 145,
-263, -68, 24, -12, -68, 2, 24, 29, 56, 20, 124, 133, -252, -84, 20, -3, -51, 0, 21, 24, 52, 25, 110, 131, -251, -136, 3, -11, -9, -32, -6, 32, 67, 16, 106,
133, -247, -154, 17, -18, -9, -23, -39, 55, 61, 14, 105, 101, -255, -148, -3, 1, -35, -53, 0, 30, 65, 15, 103, 78, -249, -136, 12, -6, -35, -55, 22, 35, 64, 35,
100, 71, -264, -156, 3, 7, -29, -42, 5, 49, 49, 37, 100, 72, -260, -130, 14, 28, -8, -23, 14, 56, 37, 28, 128, 47, -278, -154, 24, 0, -14, -22, 10, 54, 43,
23, 117, 64, -239, -141, 23, 46, -13, -3, 27, 49, 69, 14, 95, 54, -253, -166, 19, 30, -37, -18, 49, 53, 66, 21, 94, 59, -291, -193, 19, -5, -47, -37, 33, 61,
51, 22, 97, 76, -273, -160, 31, -7, -8, -33, 36, 76, 65, 20, 81, 88, -271, -130, 24, 8, -19, -33, 55, 86, 83, 17, 54, 105, -279, -120, 10, 21, -8, -47, 41,
105, 77, 34, 47, 120, -300, -145, 6, 2, 11, -29, 20, 90, 96, 27, 66, 138, -268, -142, 0, 26, 14, -22, 27, 62, 109, 31, 32, 110, -262, -140, 40, 8, 20, -28,
49, 47, 110, 44, 50, 63, -288, -201, 17, -1, 9, -56, 23, 15, 108, 18, 53, 62, -260, -178, 47, 67, 20, -36, 19, 16, 96, 34, 66, 78, -294, -199, 35, 28, 27,
-22, 2, 18, 90, 26, 76, 92, -323, -163, 43, 14, 16, 0, 12, 5, 115, 15, 81, 118, -340, -171, 42, 15, -12, 3, 45, 10, 103, 23, 77, 116, -323, -175, 29, 28,
0, -1, 29, 29, 86, 6, 61, 81, -314, -153, 4, 50, 8, -9, 15, 9, 105, 26, 40, 79, -298, -160, 3, 77, 10, -16, 0, -9, 126, 38, 51, 90, -299, -157, 6,
73, 0, -35, -17, -36, 138, 32, 42, 88, -278, -183, 22, 68, 32, -19, -20, 8, 113, 40, 73, 109, -253, -203, -10, 59, 54, -60, -3, -17, 105, 16, 85, 102, -253, -188,
6, 70, 107, -71, 12, -13, 116, 32, 103, 110, -251, -191, 0, 60, 67, -46, 20, -19, 125, 26, 91, 107, -244, -211, -24, 25, 60, -22, 33, 0, 125, 26, 72, 111, -244,
-223, -44, 28, 50, 2, 40, 20, 109, 43, 67, 96, -253, -187, -58, 37, 83, 43, 31, 58, 136, 43, 65, 82, -251, -188, -64, 37, 72, 26, 53, 26, 153, 32, 64, 81,
-235, -188, -51, 51, 50, 10, 69, 15, 141, -9, 43, 88, -239, -209, -29, 14, 21, 21, 22, 38, 111, -9, 23, 97, -241, -177, -43, -28, 36, 22, 31, -13, 112, -18, 66,
65, -277, -191, -55, 26, -3, -20, 16, -16, 95, -10, 64, 60, -274, -148, 20, 55, -29, -15, 28, -13, 113, -4, 64, 100, -278, -129, 6, 10, 20, -13, 31, -21, 122, 4,
104, 94, -232, -159, -23, 37, -7, 19, 13, 11, 132, 5, 95, 57, -255, -120, -3, -18, -10, 1, 20, -20, 162, 6, 81, 54, -279, -159, 17, 2, -5, -31, 23, 42, 164,
26, 45, 62, -247, -143, -55, 12, 7, -21, 67, -6, 127, -1, 65, 34, 0, 0, 0, 0, 0, 0, 0, 0, 0, 0, 0, 0, 0, 0, 0, 0, 0, 0, 0, 0,
0, 0, 0, 0, 0, 0, 0, 0, 0, 0, 0, 0, 0, 0, 0, 0, 0, 0, 0, 0, 0, 0, 0, 0, 0, 0, 0, 0, 0, 0, 0, 0, 0, 0, 0,
0, 0, 0, 0, 0, 0, 0, 0, 0, 0, 0, 0, 0, 0, 0, 0, 0, 0, 0, 0, 0, 0, 0, 0, 0, 0, 0, 0, 0, 0, 0, 0, 0, 0, 0,
0, 0, 0, 0, 0, 0, 0, 0, 0, 0, 0, 0, 0, 0, 0, 0, 0, 0, 0, 0, 0, 0, 0, 0, 0, 0, 0, 0, 0, 0, 0, 0, 0, 0, 0,
0, 0, 0, 0, 0, 0, 0, 0, 0, 0, 0, 0, 0, 0, 0, 0, 0, 0, 0, 0, 0, 0, 0, 0, 0, 0, 0, 0, 0, 0, 0, 0, 0, 0, 0,
0, 0, 0, 0, 0, 0, 0, 0, 0, 0, 0, 0, 0, 0, 0, 0, 0, 0, 0, 0, 0, 0, 0, 0, 0, 0, 0, 0, 0, 0, 0, 0, 0, 0, 0,
0, 0, 0, 0, 0, 0, 0, 0, 0, 0, 0, 0, 0, 0, 0, 0, 0, 0, 0, 0, 0, 0, 0, 0, 0, 0, 0, 0, 0, 0, 0, 0, 0, 0, 0,
0, 0, 0, 0, 0, 0, 0, 0, 0, 0, 0, 0, 0, 0, 0, 0, 0, 0, 0, 0, 0, 0, 0, 0, 0, 0, 0, 0, 0, 0, 0, 0, 0, 0, 0,
0, 0, 0, 0, 0, 0, 0, 0, 0, 0, 0, 0, 0, 0, 0, 0, 0, 0, 0, 0, 0, 0, 0, 0, 0, 0, 0, 0, 0, 0, 0, 0, 0, 0, 0,
0, 0, 0, 0, 0, 0, 0, 0, 0, 0, 0, 0, 0, 0, 0, 0, 0, 0, 0, 0, 0, 0, 0, 0, 0, 0, 0, 0, 0, 0, 0, 0, 0, 0, 0,
0, 0, 0, 0, 0, 0, 0, 0, 0, 0, 0, 0, 0, 0, 0, 0, 0, 0, 0, 0, 0, 0, 0, 0, 0, 0, 0, 0, 0, 0, 0, 0, 0, 0, 0,
0, 0, 0, 0, 0, 0, 0, 0, 0, 0, 0, 0, 0, 0, 0, 0, 0, 0, 0, 0, 0, 0, 0, 0, 0, 0, 0, 0, 0, 0, 0, 0, 0, 0, 0,
0, 0, 0, 
print model ok!


---3---

frm_num=183
-19, 66, 57, 66, 62, 66, 63, 66, 66, 67, 64, 64, -46, -50, -36, 63, 17, 79, 33, 132, 80, 120, 33, 80, -52, -67, -82, 41, 15, 29, 33, 104, 97, 145, 70,
94, -119, -49, -86, 48, 2, 54, 31, 142, 105, 110, 51, 90, -98, -81, -79, 39, 10, -2, 35, 97, 51, 93, 29, 79, -128, -25, -44, 41, -12, 28, 20, 96, 48, 122,
17, 93, -191, -143, -109, -34, -42, -45, -32, 33, 11, 75, -28, 9, -116, -45, -44, 33, -28, 25, 4, 67, 56, 126, 9, 74, -116, -44, -33, 0, -16, -23, -37, 89, 30,
114, 20, 78, -87, -43, -44, 50, 13, -15, -7, 56, 62, 151, 40, 115, -104, -46, -64, 33, 31, -1, -23, 71, 65, 131, 86, 106, -112, -77, -50, 36, 9, 21, -9, 83,
101, 142, 64, 108, -155, -65, -27, 23, 31, 15, 33, 102, 99, 144, 91, 105, -160, -66, -93, 3, 39, 4, 1, 65, 49, 134, 81, 88, -126, -65, -86, 57, 15, 25, 9,
38, 56, 114, 82, 93, -95, -60, -82, 71, 5, 11, 17, 81, 123, 155, 70, 81, -129, -88, -65, 56, -7, 24, 16, 51, 87, 128, 82, 66, -110, -137, -85, 5, 18, 18,
-26, 54, 82, 118, 75, 82, -81, -59, -91, 18, -23, -18, 1, 117, 47, 83, 68, 90, -86, -87, -89, 48, -11, 12, 39, 133, 56, 82, 54, 58, -88, -134, -113, 41, -5,
-11, 35, 97, 61, 125, 71, 86, -92, -116, -99, 25, 22, -14, 50, 119, 92, 136, 76, 95, -100, -133, -77, 71, 21, 58, 63, 66, 63, 126, 63, 71, -64, -136, -53, 35,
32, 32, -6, 60, 44, 124, 65, 32, -57, -94, -99, 25, 13, -30, -9, 36, 57, 94, 58, 42, -35, -113, -129, 46, -36, -13, -17, 63, 60, 105, 33, 38, -22, -89, -92,
32, -27, -4, 22, 88, 72, 142, 53, 44, -34, -130, -65, 53, -35, -7, -1, 104, 95, 139, 50, 24, -120, -210, -195, -30, -105, -57, -26, 17, 16, 104, 8, -20, -84, -122,
-115, 70, 12, -2, 29, 100, 111, 153, 86, 47, -64, -109, -92, 57, -27, 40, 10, 71, 121, 114, 51, 66, -106, -137, -95, 99, -23, 32, 16, 78, 91, 125, 18, 45, -86,
-146, -67, 70, 26, 38, -14, 80, 65, 93, 37, 43, -149, -167, -77, 106, 27, 62, 15, 66, 86, 87, 45, 59, -170, -155, -127, 46, 25, 71, 32, 78, 57, 100, 65, 38,
-148, -159, -134, 29, 39, 90, 74, 111, 74, 138, 74, 89, -125, -166, -122, 72, -9, 49, 35, 114, 76, 81, 51, 45, -113, -176, -73, 73, 23, 59, 47, 70, 61, 132, 66,
71, -92, -169, -102, 93, 49, 100, 57, 62, 51, 129, 78, 64, -119, -173, -103, 49, 20, 79, 48, 100, 91, 98, 88, 80, -90, -201, -128, 41, 39, 99, 32, 111, 77, 100,
86, 62, -73, -222, -73, 55, 16, 116, 26, 98, 68, 68, 64, 52, -96, -231, -74, 21, 0, 125, 30, 100, 58, 79, 71, 72, -94, -210, -83, 34, 51, 126, 21, 74, 77,
68, 64, 85, -140, -215, -101, 62, 79, 112, 15, 64, 71, 61, 56, 108, -123, -215, -115, 41, 90, 89, 2, 69, 58, 65, 30, 114, -101, -255, -86, 69, 98, 119, 12, 69,
49, 50, 32, 88, -120, -266, -111, 27, 51, 88, 38, 57, 65, 75, 6, 99, -122, -209, -101, 58, 71, 85, 51, 108, 68, 76, -4, 93, -115, -183, -85, 51, 36, 57, 63,
134, 85, 72, 2, 93, -115, -199, -83, 8, 45, 90, 53, 134, 47, 90, 3, 75, -94, -192, -100, -19, 11, 113, 37, 114, 61, 57, 24, 87, -64, -149, -67, -20, -21, 108,
65, 124, 66, 49, 32, 101, -105, -164, -68, -24, -47, 108, 57, 92, 57, 43, 54, 75, -83, -199, -48, 25, 31, 75, 57, 119, 63, 59, 18, 111, -167, -299, -142, -15, -57,
-11, -59, 14, -8, 26, -53, 56, -75, -206, -17, 92, 11, 70, -40, 46, 61, 81, 29, 111, -71, -136, 22, 47, 10, 40, -36, 61, 33, 107, 49, 124, -37, -170, -63, 74,
-41, 51, -23, 13, 52, 117, 91, 62, -28, -187, -45, 75, 33, 41, -19, 34, 43, 98, 80, 42, -12, -193, -63, -10, -24, 61, -45, 92, 82, 81, 47, 49, -9, -263, -36,
-41, -2, 39, -48, 89, 129, 53, 50, 120, -68, -308, 19, 19, 49, -26, -68, 67, 112, 69, 73, 132, -124, -269, 11, 35, 11, -28, -77, 79, 121, 62, 65, 99, -157, -229,
29, 72, 3, -19, -64, 119, 122, 53, 54, 112, -177, -206, 58, 78, -5, -13, -80, 101, 101, 80, 60, 108, -194, -202, 63, 59, -10, -40, -83, 93, 110, 87, 58, 106, -188,
-190, 92, 46, -6, -78, -59, 121, 135, 80, 29, 119, -174, -193, 88, 26, 0, -50, -51, 102, 129, 85, 31, 130, -200, -195, 70, 18, -5, -70, -70, 73, 142, 66, 29, 131,
-181, -206, 89, 16, -6, -75, -23, 82, 119, 50, 49, 150, -206, -228, 65, 48, -16, -89, -37, 69, 109, 59, 78, 138, -207, -214, 71, 39, -12, -86, -45, 85, 104, 54, 67,
153, -187, -225, 63, 20, -9, -91, -56, 79, 114, 46, 35, 173, -184, -181, 95, 54, -13, -80, -33, 94, 118, 67, 25, 166, -199, -213, 83, 8, -32, -103, -39, 79, 112, 47,
21, 137, -194, -179, 111, 27, -30, -95, -33, 95, 124, 45, 32, 115, -248, -226, 65, -13, -75, -130, -68, 74, 94, 25, 40, 93, -202, -200, 90, 1, -35, -86, -59, 95, 104,
56, 64, 100, -233, -180, 88, -16, -45, -113, -58, 108, 110, 67, 48, 119, -241, -165, 102, -14, -26, -133, -64, 100, 116, 60, 33, 105, -236, -183, 99, -3, -33, -135, -54, 98,
122, 57, 29, 119, -246, -196, 88, -5, -50, -136, -44, 87, 114, 43, 29, 132, -240, -183, 111, 14, -31, -116, -41, 100, 126, 66, 44, 139, -245, -182, 106, 7, -23, -107, -44,
83, 109, 62, 46, 124, -244, -180, 79, 10, -11, -95, -34, 82, 101, 68, 58, 122, -264, -192, 69, -5, -29, -110, -41, 68, 91, 61, 56, 113, -265, -199, 72, -8, -40, -113,
-34, 64, 92, 60, 63, 114, -247, -204, 80, -13, -35, -105, -35, 65, 84, 60, 58, 117, -242, -187, 84, -7, -26, -105, -24, 80, 81, 62, 61, 126, -231, -187, 79, -11, -18,
-106, -25, 74, 80, 67, 55, 118, -233, -191, 67, 0, -17, -107, -31, 70, 83, 73, 55, 116, -232, -203, 60, 2, -19, -110, -42, 73, 73, 70, 58, 114, -230, -179, 78, 9,
-3, -102, -16, 85, 78, 67, 70, 123, -245, -197, 65, -3, -7, -106, -18, 69, 86, 72, 65, 129, -246, -180, 65, -1, -24, -102, -27, 73, 81, 72, 56, 125, -242, -172, 66,
11, -19, -92, -27, 65, 97, 77, 67, 124, -247, -163, 60, -9, -31, -79, -33, 63, 103, 63, 53, 102, -223, -167, 59, 7, -14, -70, -32, 64, 112, 54, 45, 102, -246, -156,
48, 11, -17, -81, -33, 57, 126, 64, 42, 117, -254, -132, 47, 12, -14, -64, -38, 66, 132, 66, 34, 119, -265, -152, 25, -5, -19, -75, -53, 55, 114, 61, 20, 119, -255,
-148, 40, 1, -5, -62, -48, 71, 131, 69, 27, 124, -261, -145, 41, -1, 0, -58, -55, 55, 123, 63, 26, 116, -278, -143, 29, 0, -9, -63, -48, 59, 122, 70, 21, 110,
-286, -136, 22, 3, -20, -72, -52, 59, 126, 69, 21, 101, -289, -141, 19, -1, -17, -82, -55, 49, 120, 68, 22, 110, -261, -117, 42, 18, 0, -68, -32, 69, 133, 82, 29,
106, -258, -135, 36, 4, -13, -89, -32, 65, 121, 86, 15, 101, -235, -128, 74, 17, -8, -75, -21, 74, 117, 87, 15, 104, -245, -151, 56, 0, -11, -88, -19, 64, 121, 82,
28, 102, -238, -156, 48, 2, -17, -83, -22, 61, 116, 88, 31, 102, -237, -175, 51, -9, -19, -104, -24, 49, 99, 78, 17, 87, -246, -165, 52, 1, -25, -87, -10, 46, 110,
66, 41, 81, -279, -167, 13, 12, -56, -94, -25, 35, 98, 53, 53, 67, -267, -142, 30, 36, -30, -76, -11, 47, 98, 65, 57, 77, -262, -173, 23, 6, -26, -91, -22, 41,
87, 68, 44, 90, -242, -186, 54, -7, -9, -105, -15, 51, 92, 70, 63, 102, -273, -168, 33, -4, -8, -101, -27, 47, 95, 58, 60, 100, -263, -153, 29, 4, -9, -88, -24,
68, 112, 65, 68, 114, -262, -152, 29, 7, -5, -85, -30, 46, 104, 53, 75, 106, -250, -172, 22, 11, -12, -83, -30, 47, 105, 56, 79, 101, -259, -154, 25, 13, -6, -76,
-30, 45, 105, 61, 81, 102, -261, -161, 18, 10, -7, -82, -35, 41, 98, 66, 75, 105, -264, -139, 25, 26, 0, -71, -34, 48, 105, 69, 70, 113, -273, -141, 17, 12, -8,
-72, -36, 48, 108, 66, 77, 108, -252, -143, 35, 9, 16, -75, -33, 33, 113, 66, 71, 105, -255, -153, 32, 11, 13, -70, -38, 38, 111, 62, 71, 108, -249, -140, 50, 18,
13, -66, -29, 42, 116, 60, 77, 119, -276, -149, 37, -5, 5, -74, -40, 35, 116, 56, 81, 119, -263, -123, 36, 10, 10, -46, -36, 47, 116, 59, 70, 125, -284, -137, 12,
-10, 0, -67, -55, 36, 109, 57, 46, 132, -282, -120, 0, -23, 13, -66, -51, 27, 115, 53, 41, 130, -282, -125, -18, -44, -20, -61, -50, 53, 99, 79, 29, 150, -257, -110,
13, -19, -29, -36, -44, 75, 57, 84, 35, 143, -264, -129, 8, -44, -56, -61, -25, 52, 48, 68, 47, 132, -280, -119, -12, -39, -72, -61, -9, 61, 45, 84, 54, 156, -284,
-104, -10, -50, -78, -59, -21, 39, 45, 32, 55, 117, -260, -78, 6, -39, -62, -20, -12, 52, 71, 24, 78, 137, -250, -120, 0, -37, -104, -5, -29, 45, 62, 13, 81, 135,
-253, -133, 43, -59, -74, -14, 0, 44, 53, 14, 100, 138, -281, -112, 16, -38, -102, 6, 0, 24, 32, 22, 100, 134, -242, -109, 40, -22, -82, 19, 15, 19, 35, 46, 98,
118, -210, -174, 60, -23, -33, -10, 18, 14, 59, 33, 118, 112, -236, -181, 61, -12, -23, -6, -24, 59, 26, 59, 93, 124, -236, -148, 37, 18, -40, -48, 20, 31, 57, 43,
82, 84, -229, -172, 51, -10, -45, -41, 14, 42, 36, 53, 75, 97, -229, -161, 49, 2, -34, -18, 21, 36, 45, 51, 98, 90, -262, -184, 16, -24, -48, -39, 9, 28, 17,
57, 85, 75, -258, -168, 53, -21, -12, -20, 30, 43, 31, 48, 98, 77, -253, -180, 53, 3, -19, -27, 35, 26, 54, 32, 78, 79, -228, -176, 42, 42, -63, 13, 40, 32,
66, 32, 73, 79, -271, -189, 37, 10, -65, -11, 46, 44, 47, 29, 82, 93, -262, -178, 35, 3, -51, -25, 48, 42, 42, 42, 49, 107, -246, -176, 45, 3, -57, -27, 75,
63, 36, 48, 30, 139, -255, -172, 27, 18, -58, -43, 72, 71, 38, 39, 36, 136, -260, -161, 30, 0, -24, -18, 26, 87, 60, 21, 51, 141, -247, -188, 25, 7, -8, -23,
38, 54, 94, 40, 30, 123, -242, -174, 50, 11, -7, -15, 59, 48, 78, 58, 32, 84, -276, -207, 35, 14, -3, -33, 53, 29, 77, 62, 49, 94, -260, -180, 57, 38, 32,
-16, 35, 30, 67, 71, 43, 106, -279, -207, 61, -5, 23, -26, 1, 10, 84, 39, 47, 119, -282, -193, 77, 3, 1, 20, 5, 7, 103, 30, 63, 126, -302, -217, 71, 1,
-61, 10, 33, 3, 85, 43, 65, 122, -280, -223, 65, 10, -24, -7, 48, 7, 71, 25, 44, 87, -246, -187, 46, 50, 8, 0, 50, 4, 110, 36, 41, 92, -250, -200, 32,
47, 0, -21, 15, -2, 98, 52, 28, 98, -256, -186, 47, 77, -16, 2, -28, 5, 110, 63, 45, 98, -276, -209, -1, 46, -10, -14, -52, 9, 87, 63, 25, 120, -214, -215,
12, 79, 38, -30, -13, 4, 85, 59, 49, 121, -229, -226, 17, 45, 68, -61, -11, -11, 99, 47, 76, 100, -206, -220, 44, 49, 58, -21, 13, -16, 107, 59, 81, 104, -242,
-246, 6, -1, 43, -17, 32, -21, 103, 51, 60, 104, -227, -251, -10, 8, 53, 1, 39, -1, 87, 61, 51, 99, -235, -243, -30, 31, 58, 25, 30, 25, 96, 62, 48, 88,
-230, -242, -27, 3, 65, 22, 28, 4, 114, 45, 61, 69, -227, -213, -6, 38, 41, 39, 41, 25, 95, 52, 33, 97, -232, -226, 2, 32, -25, 41, 16, 35, 90, 14, 20,
104, -218, -192, 19, 0, 10, 47, 39, -3, 83, 23, 53, 83, -208, -210, 14, 46, -6, 12, 27, -11, 95, 19, 55, 86, -258, -178, 62, 57, -28, -12, 29, -2, 77, 17,
50, 113, -271, -171, 48, 5, -15, -13, 26, -9, 76, 42, 84, 89, -242, -180, -6, 30, -22, 22, 5, 14, 103, 23, 88, 76, 0, 0, 0, 0, 0, 0, 0, 0, 0,
0, 0, 0, 0, 0, 0, 0, 0, 0, 0, 0, 0, 0, 0, 0, 0, 0, 0, 0, 0, 0, 0, 0, 0, 0, 0, 0, 0, 0, 0, 0, 0, 0, 0, 0,
0, 0, 0, 0, 0, 0, 0, 0, 0, 0, 0, 0, 0, 0, 0, 0, 0, 0, 0, 0, 0, 0, 0, 0, 0, 0, 0, 0, 0, 0, 0, 0, 0, 0, 0,
0, 0, 0, 0, 0, 0, 0, 0, 0, 0, 0, 0, 0, 0, 0, 0, 0, 0, 0, 0, 0, 0, 0, 0, 0, 0, 0, 0, 0, 0, 0, 0, 0, 0, 0,
0, 0, 0, 0, 0, 0, 0, 0, 0, 0, 0, 0, 0, 0, 0, 0, 0, 0, 0, 0, 0, 0, 0, 0, 0, 0, 0, 0, 0, 0, 0, 0, 0, 0, 0,
0, 0, 0, 0, 0, 0, 0, 0, 0, 0, 0, 0, 0, 0, 0, 0, 0, 0, 0, 0, 0, 0, 0, 0, 0, 0, 0, 0, 0, 0, 0, 0, 0, 0, 0,
0, 0, 0, 0, 0, 0, 0, 0, 0, 0, 0, 0, 0, 0, 0, 0, 0, 0, 0, 0, 0, 0, 0, 0, 0, 0, 0, 0, 0, 0, 0, 0, 0, 0, 0,
0, 0, 0, 0, 0, 0, 0, 0, 0, 0, 0, 0, 0, 0, 0, 0, 0, 0, 0, 0, 0, 0, 0, 0, 0, 0, 0, 0, 0, 0, 0, 0, 0, 0, 0,
0, 0, 0, 0, 0, 0, 0, 0, 0, 0, 0, 0, 0, 0, 0, 0, 0, 0, 0, 0, 0, 0, 0, 0, 0, 0, 0, 0, 0, 0, 0, 0, 0, 0, 0,
0, 0, 0, 0, 0, 0, 0, 0, 0, 0, 0, 0, 0, 0, 0, 0, 0, 0, 0, 0, 0, 0, 0, 0, 0, 0, 0, 0, 0, 0, 0, 0, 0, 0, 0,
0, 0, 0, 0, 0, 0, 0, 0, 0, 0, 0, 0, 0, 0, 0, 0, 0, 0, 0, 0, 0, 0, 0, 0, 0, 0, 0, 0, 0, 0, 0, 0, 0, 0, 0,
0, 0, 0, 0, 0, 0, 0, 0, 0, 0, 0, 0, 0, 0, 0, 0, 0, 0, 0, 0, 0, 0, 0, 0, 0, 0, 0, 0, 0, 0, 0, 0, 0, 0, 0,
0, 0, 0, 0, 0, 0, 0, 0, 0, 0, 0, 0, 0, 0, 0, 0, 0, 0, 0, 0, 0, 0, 0, 0, 0, 0, 0, 0, 0, 0, 0, 0, 0, 0, 0,
0, 0, 0, 
print model ok!

---4---

frm_num=182
-17, 67, 58, 68, 63, 67, 65, 68, 67, 69, 66, 66, -51, -26, -95, 107, 5, 65, -6, 134, 85, 154, 42, 90, -74, -34, -48, 68, -6, 86, -25, 150, 112, 126, 30,
106, -31, -46, -68, 109, -18, 67, 3, 138, 71, 117, 45, 97, -56, -58, -53, 104, -29, 91, -8, 92, 70, 109, 33, 87, -84, -20, -25, 62, -5, 81, -15, 113, 64, 138,
24, 80, -75, 3, -27, 42, -46, 63, -23, 108, 45, 145, 22, 99, -70, -32, -62, 37, -72, 73, -56, 78, 53, 99, 50, 110, -111, -10, -73, 62, -12, 34, -34, 149, 71,
125, 77, 136, -51, -25, -22, 30, -15, 48, -1, 70, 78, 103, 95, 86, -121, -73, -88, 99, -20, 39, -49, 69, 81, 123, 75, 142, -93, -78, -77, 128, -12, 53, -29, 85,
66, 136, 95, 138, -203, -165, -125, -18, -57, -37, -118, 31, -15, 85, 43, 69, -110, -63, -72, 64, 0, 12, -43, 74, 56, 151, 63, 103, -105, -105, -23, 33, -54, 24, -36,
93, 70, 134, 89, 110, -65, -86, -68, 45, -36, 50, -52, 72, 65, 169, 71, 92, -80, -64, -67, 43, 3, 42, -36, 96, 53, 142, 59, 80, -33, -65, -76, 28, -20, 54,
-25, 131, 62, 111, 71, 101, -64, -121, -130, 26, -50, 8, -22, 162, 36, 84, 39, 81, -28, -102, -102, 67, -13, 0, 7, 114, 45, 133, 47, 101, -67, -132, -144, 49, -24,
-18, -6, 114, 51, 140, 59, 105, -46, -112, -77, 66, -17, 65, 47, 96, 90, 146, 41, 100, -73, -117, -23, 96, 28, 58, -16, 62, 29, 155, 62, 76, -42, -97, -96, 65,
-26, 45, -28, 56, 30, 129, 45, 65, 4, -102, -114, 76, -61, 20, -46, 79, 35, 94, 46, 40, 14, -110, -110, 57, -55, 3, -38, 87, 60, 147, 45, 31, -14, -130, -59,
48, -55, 1, -53, 142, 33, 157, 45, 39, 15, -169, -118, 88, -74, 43, 9, 111, 67, 149, 51, 56, -41, -153, -113, 94, -40, 23, -21, 113, 99, 175, 67, 56, -55, -115,
-99, 58, -20, 64, -9, 104, 115, 154, 69, 103, -45, -154, -71, 123, -32, 78, -25, 88, 72, 124, 34, 62, -62, -173, -95, 84, -14, 67, -47, 82, 52, 110, 38, 71, -106,
-161, -62, 129, 29, 93, -31, 91, 63, 68, 55, 54, -122, -135, -101, 119, 22, 94, -7, 75, 51, 97, 65, 60, -72, -139, -121, 68, 5, 108, 27, 87, 71, 119, 75, 108,
-100, -184, -112, 94, -4, 97, 0, 153, 67, 98, 60, 67, -81, -198, -121, 88, -26, 80, -2, 98, 40, 122, 41, 68, -90, -198, -121, 93, -6, 110, 14, 77, 25, 123, 51,
80, -91, -200, -107, 82, -17, 141, 13, 94, 54, 107, 72, 72, -58, -200, -129, 46, 16, 131, -14, 107, 52, 107, 65, 54, -122, -297, -172, -9, -62, 56, -84, 49, -26, 20,
-26, 9, -62, -216, -95, 49, -15, 135, -10, 114, 52, 98, 59, 82, -77, -222, -97, 77, 7, 136, -11, 79, 45, 73, 29, 92, -108, -234, -113, 92, 26, 124, -13, 54, 76,
84, 23, 130, -91, -249, -106, 79, 40, 115, -20, 40, 54, 77, 14, 103, -76, -229, -87, 98, 63, 120, -7, 58, 64, 73, 23, 99, -102, -239, -89, 83, 51, 126, 17, 78,
76, 91, 12, 115, -137, -230, -108, 56, 7, 84, 17, 97, 69, 97, -9, 134, -114, -185, -92, 74, 9, 72, 7, 138, 58, 56, -20, 91, -91, -217, -101, 64, 35, 128, 51,
138, 76, 94, 1, 96, -55, -201, -93, 19, 7, 119, 37, 110, 51, 93, 3, 103, -63, -167, -82, -9, -36, 117, 21, 119, 40, 61, 27, 102, -27, -146, -35, -20, -35, 132,
21, 134, 26, 55, 27, 92, -54, -252, -86, 22, -50, 90, -7, 100, 64, 19, 54, 114, -35, -207, -64, 83, 0, 88, 0, 87, 72, 82, 29, 126, -29, -203, -40, 80, 1,
61, -67, 77, 70, 99, 24, 124, -20, -154, 5, 95, -27, 61, -73, 70, 66, 74, 67, 133, 8, -139, -34, 84, -17, 52, -58, 49, 61, 101, 86, 95, 7, -185, -68, 64,
8, 13, -83, 61, 28, 113, 102, 64, 3, -178, -73, 28, -5, 53, -62, 105, 68, 89, 73, 74, 34, -242, -51, -23, -42, 77, -93, 100, 109, 37, 38, 87, -58, -325, -43,
-10, -18, 1, -145, 71, 95, 35, 67, 120, -50, -245, 43, 64, 11, 27, -114, 111, 115, 74, 86, 117, -128, -241, 27, 67, -34, -2, -108, 138, 102, 64, 58, 110, -128, -200,
64, 105, -20, 14, -109, 121, 89, 79, 70, 130, -163, -226, 61, 57, -53, -26, -100, 113, 92, 77, 53, 127, -159, -210, 90, 58, -31, -40, -88, 105, 111, 95, 62, 122, -180,
-228, 50, 25, -71, -46, -104, 106, 85, 64, 25, 133, -174, -234, 47, 25, -47, -52, -116, 85, 98, 90, 44, 139, -169, -222, 63, -1, -27, -64, -99, 102, 99, 78, 24, 176,
-182, -233, 62, 26, -26, -73, -86, 90, 63, 85, 59, 159, -167, -219, 77, 52, -25, -60, -84, 88, 77, 71, 64, 152, -181, -229, 70, 44, -40, -70, -96, 93, 89, 52, 62,
170, -160, -208, 102, 50, -44, -71, -69, 105, 87, 59, 48, 161, -161, -197, 96, 49, -38, -78, -47, 114, 96, 77, 55, 146, -196, -211, 94, 36, -78, -100, -75, 121, 85, 67,
42, 143, -178, -191, 115, 63, -69, -85, -78, 131, 93, 81, 46, 136, -180, -194, 108, 48, -60, -90, -79, 101, 108, 82, 58, 130, -212, -200, 86, -10, -68, -115, -90, 77, 116,
72, 43, 124, -197, -142, 124, -14, -39, -102, -84, 101, 123, 84, 24, 128, -220, -139, 118, -15, -53, -107, -85, 106, 106, 69, 22, 124, -231, -166, 102, -8, -56, -120, -69, 102,
89, 52, 48, 132, -219, -173, 102, 15, -41, -114, -57, 88, 93, 59, 59, 143, -224, -175, 84, 23, -49, -102, -69, 87, 98, 63, 64, 146, -237, -204, 41, -1, -66, -96, -78,
75, 88, 63, 71, 150, -209, -176, 81, 30, -34, -87, -66, 83, 89, 67, 71, 138, -223, -197, 65, 13, -53, -101, -73, 81, 78, 69, 60, 137, -191, -179, 86, 36, -41, -84,-52, 43, 75, 70, 51, 116, -310, -254, -66, -67, -117, -145, -137, -20, 12, 18, 5, 76, -205, -152, 43, 36, -25, -48, -53, 64, 78, 91, 61, 136, -236, -147, 14, 15, -31,
-52, -80, 53, 71, 76, 55, 131, -222, -132, 37, 21, -21, -35, -78, 66, 74, 90, 57, 142, -221, -153, 34, 11, -23, -37, -80, 62, 76, 93, 63, 154, -225, -135, 39, 17,
-22, -38, -79, 60, 85, 87, 53, 155, -252, -155, 2, 10, -47, -44, -102, 57, 83, 77, 39, 163, -220, -122, 36, 15, -33, -13, -102, 82, 79, 75, 37, 154, -231, -148, 25,
-19, -31, -28, -115, 78, 79, 75, 41, 154, -226, -141, 22, -12, -39, -37, -91, 69, 86, 76, 36, 156, -250, -148, -3, -22, -69, -58, -93, 64, 52, 70, 24, 148, -239, -134,
28, -15, -60, -52, -78, 86, 37, 81, 64, 138, -273, -138, 1, -33, -91, -70, -86, 76, 12, 60, 58, 123, -237, -105, 22, -13, -78, -44, -44, 71, 43, 47, 74, 134, -243,
-124, 6, -27, -98, -43, -57, 43, 45, 32, 62, 145, -208, -123, 46, -22, -93, -8, -51, 60, 53, 41, 72, 160, -203, -159, 46, -46, -126, 8, -64, 40, 48, 24, 98, 139,
-205, -144, 68, -29, -122, 23, -38, 38, 30, 32, 119, 148, -226, -140, 49, -32, -136, 13, -27, 18, 14, 30, 116, 151, -219, -164, 28, 6, -109, 3, -50, 21, 37, 21, 115,
136, -211, -190, 35, 2, -63, -6, -54, 38, 27, 39, 103, 137, -204, -199, 34, 9, -61, -10, -44, 44, 30, 55, 92, 124, -225, -186, 9, 3, -81, -40, -30, 35, 15, 62,
67, 92, -203, -205, 13, 11, -92, -17, -36, 39, 36, 53, 84, 99, -198, -196, 42, -2, -54, -6, -23, 53, 30, 63, 92, 93, -204, -190, 41, 8, -57, 4, -25, 54, 26,
59, 93, 80, -223, -196, 47, 0, -54, -6, -23, 62, 25, 67, 79, 82, -211, -183, 80, 18, -40, 0, 0, 63, 48, 54, 71, 90, -235, -227, 28, 1, -94, 6, -18, 43,
37, 29, 86, 101, -203, -200, 30, 22, -58, -1, 11, 32, 53, 25, 91, 101, -236, -193, 1, -3, -83, -14, 8, 31, 24, 33, 48, 115, -223, -166, 15, 37, -83, -16, 47,
66, 16, 52, 32, 143, -214, -190, 44, 8, -56, -18, 5, 81, 32, 32, 41, 130, -213, -214, 29, 9, -45, -18, 0, 51, 83, 33, 32, 133, -213, -216, 48, -18, -11, -23,
-1, 48, 86, 55, 9, 102, -205, -213, 59, 9, -21, -6, 6, 52, 94, 69, 17, 107, -319, -302, -17, -45, -90, -103, -66, -37, 14, 11, -23, 44, -267, -219, 78, 26, 4,
-30, -23, 31, 78, 74, 41, 112, -285, -233, 53, 7, -23, -4, -21, 11, 77, 60, 48, 134, -249, -191, 96, 39, -23, 36, 0, 17, 85, 49, 47, 118, -261, -232, 18, 17,
-84, 19, 0, -7, 70, 38, 41, 115, -237, -204, 44, 36, -33, 41, -8, 53, 73, 40, 59, 89, -227, -201, 0, 61, -47, 11, -29, 2, 90, 57, 13, 109, -238, -202, 34,
68, -34, 8, -40, -12, 110, 53, 50, 103, -216, -220, 32, 75, -23, 2, -43, -18, 116, 70, 22, 125, -195, -222, -2, 57, -8, -19, -28, -6, 101, 57, 37, 115, -166, -229,
12, 55, 30, -26, -28, 18, 95, 66, 55, 108, -169, -238, 23, 52, 27, -18, -45, -16, 89, 66, 49, 111, -191, -255, 14, 26, 24, -1, -47, -5, 91, 70, 31, 142, -185,
-259, 0, 9, 29, 6, -8, 2, 84, 75, 32, 120, -234, -268, -33, 23, 25, 1, 3, 24, 84, 78, 37, 128, -212, -259, -36, 32, 22, 47, -25, 33, 87, 63, 56, 104,
-227, -258, -48, 10, 7, 18, -11, 5, 75, 51, 48, 103, -197, -240, 2, 32, -26, 41, 2, 23, 86, 12, 38, 111, -204, -225, 9, 6, -40, 36, -1, 10, 88, -7, 42,
105, -181, -212, 17, 12, -28, 35, -1, 16, 59, 36, 41, 93, -224, -212, 17, 61, -49, -21, -16, -2, 75, 32, 28, 112, -260, -191, 78, 17, -43, -23, -1, -6, 75, 19,
60, 118, -195, -207, 21, 37, -44, 23, -37, 17, 92, -11, 64, 93, 0, 0, 0, 0, 0, 0, 0, 0, 0, 0, 0, 0, 0, 0, 0, 0, 0, 0, 0, 0, 0,
0, 0, 0, 0, 0, 0, 0, 0, 0, 0, 0, 0, 0, 0, 0, 0, 0, 0, 0, 0, 0, 0, 0, 0, 0, 0, 0, 0, 0, 0, 0, 0, 0, 0, 0,
0, 0, 0, 0, 0, 0, 0, 0, 0, 0, 0, 0, 0, 0, 0, 0, 0, 0, 0, 0, 0, 0, 0, 0, 0, 0, 0, 0, 0, 0, 0, 0, 0, 0, 0,
0, 0, 0, 0, 0, 0, 0, 0, 0, 0, 0, 0, 0, 0, 0, 0, 0, 0, 0, 0, 0, 0, 0, 0, 0, 0, 0, 0, 0, 0, 0, 0, 0, 0, 0,
0, 0, 0, 0, 0, 0, 0, 0, 0, 0, 0, 0, 0, 0, 0, 0, 0, 0, 0, 0, 0, 0, 0, 0, 0, 0, 0, 0, 0, 0, 0, 0, 0, 0, 0,
0, 0, 0, 0, 0, 0, 0, 0, 0, 0, 0, 0, 0, 0, 0, 0, 0, 0, 0, 0, 0, 0, 0, 0, 0, 0, 0, 0, 0, 0, 0, 0, 0, 0, 0,
0, 0, 0, 0, 0, 0, 0, 0, 0, 0, 0, 0, 0, 0, 0, 0, 0, 0, 0, 0, 0, 0, 0, 0, 0, 0, 0, 0, 0, 0, 0, 0, 0, 0, 0,
0, 0, 0, 0, 0, 0, 0, 0, 0, 0, 0, 0, 0, 0, 0, 0, 0, 0, 0, 0, 0, 0, 0, 0, 0, 0, 0, 0, 0, 0, 0, 0, 0, 0, 0,
0, 0, 0, 0, 0, 0, 0, 0, 0, 0, 0, 0, 0, 0, 0, 0, 0, 0, 0, 0, 0, 0, 0, 0, 0, 0, 0, 0, 0, 0, 0, 0, 0, 0, 0,
0, 0, 0, 0, 0, 0, 0, 0, 0, 0, 0, 0, 0, 0, 0, 0, 0, 0, 0, 0, 0, 0, 0, 0, 0, 0, 0, 0, 0, 0, 0, 0, 0, 0, 0,
0, 0, 0, 0, 0, 0, 0, 0, 0, 0, 0, 0, 0, 0, 0, 0, 0, 0, 0, 0, 0, 0, 0, 0, 0, 0, 0, 0, 0, 0, 0, 0, 0, 0, 0,
0, 0, 0, 0, 0, 0, 0, 0, 0, 0, 0, 0, 0, 0, 0, 0, 0, 0, 0, 0, 0, 0, 0, 0, 0, 0, 0, 0, 0, 0, 0, 0, 0, 0, 0,
0, 0, 0, 0, 0, 0, 0, 0, 0, 0, 0, 0, 0, 0, 0, 0, 0, 0, 0, 0, 0, 0, 0, 0, 0, 0, 0, 0, 0, 0, 0, 0, 0, 0, 0,
0, 0, 0, 
print model ok!

